upTiltThreshold=13.099999999999998
downTiltThreshold=13.599999999999998
leftTiltThreshold=13.8
rightTiltThreshold=12.899999999999997
